0.000000e+00	4.607568e-15
4.000000e-02	4.787313e-14
8.000000e-02	1.086037e-13
1.200000e-01	1.688402e-14
1.600000e-01	7.186142e-17
2.000000e-01	8.045368e-21
2.400000e-01	1.202671e-20
2.800000e-01	1.564762e-17
3.200000e-01	6.036581e-15
3.600000e-01	7.820325e-13
4.000000e-01	3.855544e-11
4.400000e-01	7.949608e-10
4.800000e-01	7.152724e-09
5.200000e-01	2.855779e-08
5.600000e-01	9.835537e-08
6.000000e-01	3.604371e-07
6.400000e-01	1.319265e-06
6.800000e-01	3.290891e-06
7.200000e-01	5.100651e-06
7.600000e-01	8.998615e-06
8.000000e-01	1.496206e-05
8.400000e-01	2.363294e-05
8.800000e-01	3.472558e-05
9.200000e-01	4.918314e-05
9.600000e-01	6.682085e-05
1.000000e+00	8.688442e-05
1.040000e+00	1.084160e-04
1.080000e+00	1.335520e-04
1.120000e+00	1.592245e-04
1.160000e+00	1.902279e-04
1.200000e+00	2.232221e-04
1.240000e+00	2.612575e-04
1.280000e+00	3.007806e-04
1.320000e+00	3.351063e-04
1.360000e+00	3.722499e-04
1.400000e+00	4.162568e-04
1.440000e+00	4.668042e-04
1.480000e+00	5.186260e-04
1.520000e+00	5.615769e-04
1.560000e+00	6.013119e-04
1.600000e+00	6.428147e-04
1.640000e+00	6.851371e-04
1.680000e+00	7.296506e-04
1.720000e+00	7.781978e-04
1.760000e+00	8.367009e-04
1.800000e+00	8.958674e-04
1.840000e+00	9.491962e-04
1.880000e+00	9.993842e-04
1.920000e+00	1.059509e-03
1.960000e+00	1.130121e-03
2.000000e+00	1.187434e-03
2.040000e+00	1.226995e-03
2.080000e+00	1.271581e-03
2.120000e+00	1.336985e-03
2.160000e+00	1.407298e-03
2.200000e+00	1.458959e-03
2.240000e+00	1.497459e-03
2.280000e+00	1.557421e-03
2.320000e+00	1.621431e-03
2.360000e+00	1.665089e-03
2.400000e+00	1.713040e-03
2.440000e+00	1.769086e-03
2.480000e+00	1.828416e-03
2.520000e+00	1.894205e-03
2.560000e+00	1.971300e-03
2.600000e+00	2.037738e-03
2.640000e+00	2.069478e-03
2.680000e+00	2.100962e-03
2.720000e+00	2.164853e-03
2.760000e+00	2.232578e-03
2.800000e+00	2.286386e-03
2.840000e+00	2.340729e-03
2.880000e+00	2.395942e-03
2.920000e+00	2.458537e-03
2.960000e+00	2.589820e-03
3.000000e+00	2.813599e-03
3.040000e+00	2.962495e-03
3.080000e+00	2.887731e-03
3.120000e+00	2.769261e-03
3.160000e+00	2.789408e-03
3.200000e+00	2.934614e-03
3.240000e+00	3.077056e-03
3.280000e+00	3.198968e-03
3.320000e+00	3.871327e-03
3.360000e+00	6.574265e-03
3.400000e+00	1.158635e-02
3.440000e+00	1.425215e-02
3.480000e+00	1.104465e-02
3.520000e+00	8.099924e-03
3.560000e+00	2.044060e-02
3.600000e+00	7.880604e-02
3.640000e+00	1.909728e-01
3.680000e+00	2.563091e-01
3.720000e+00	1.872656e-01
3.760000e+00	7.557556e-02
3.800000e+00	1.940537e-02
3.840000e+00	7.095185e-03
3.880000e+00	8.102385e-03
3.920000e+00	1.580592e-02
3.960000e+00	3.006529e-02
4.000000e+00	3.835974e-02
4.040000e+00	2.957623e-02
4.080000e+00	1.473570e-02
4.120000e+00	6.600023e-03
4.160000e+00	4.207191e-03
4.200000e+00	3.604380e-03
4.240000e+00	3.502236e-03
4.280000e+00	3.669961e-03
4.320000e+00	4.017385e-03
4.360000e+00	4.704125e-03
4.400000e+00	6.428089e-03
4.440000e+00	9.273248e-03
4.480000e+00	1.089271e-02
4.520000e+00	9.299753e-03
4.560000e+00	6.379481e-03
4.600000e+00	4.613447e-03
4.640000e+00	4.085523e-03
4.680000e+00	4.024924e-03
4.720000e+00	4.069661e-03
4.760000e+00	4.137565e-03
4.800000e+00	4.252467e-03
4.840000e+00	4.514168e-03
4.880000e+00	4.907704e-03
4.920000e+00	5.124657e-03
4.960000e+00	4.937555e-03
5.000000e+00	4.591454e-03
5.040000e+00	4.415791e-03
5.080000e+00	4.430251e-03
5.120000e+00	4.505280e-03
5.160000e+00	4.578316e-03
5.200000e+00	4.651747e-03
5.240000e+00	4.733206e-03
5.280000e+00	4.827684e-03
5.320000e+00	4.911493e-03
5.360000e+00	4.949034e-03
5.400000e+00	4.976199e-03
5.440000e+00	5.063042e-03
5.480000e+00	5.197643e-03
5.520000e+00	5.316413e-03
5.560000e+00	5.405513e-03
5.600000e+00	5.480181e-03
5.640000e+00	5.532513e-03
5.680000e+00	5.570521e-03
5.720000e+00	5.676716e-03
5.760000e+00	6.055946e-03
5.800000e+00	6.946942e-03
5.840000e+00	8.148982e-03
5.880000e+00	8.791422e-03
5.920000e+00	8.302534e-03
5.960000e+00	7.265799e-03
6.000000e+00	6.564016e-03
6.040000e+00	6.375150e-03
6.080000e+00	6.425995e-03
6.120000e+00	6.556961e-03
6.160000e+00	7.034980e-03
6.200000e+00	9.473090e-03
6.240000e+00	1.900042e-02
6.280000e+00	4.431049e-02
6.320000e+00	8.757842e-02
6.360000e+00	1.292980e-01
6.400000e+00	1.375147e-01
6.440000e+00	1.046468e-01
6.480000e+00	5.801609e-02
6.520000e+00	2.559170e-02
6.560000e+00	1.183504e-02
6.600000e+00	8.098141e-03
6.640000e+00	7.467989e-03
6.680000e+00	7.422619e-03
6.720000e+00	7.430183e-03
6.760000e+00	7.423950e-03
6.800000e+00	7.419822e-03
6.840000e+00	7.579917e-03
6.880000e+00	8.494332e-03
6.920000e+00	1.135970e-02
6.960000e+00	1.702899e-02
7.000000e+00	2.370430e-02
7.040000e+00	2.679544e-02
7.080000e+00	2.366569e-02
7.120000e+00	1.708920e-02
7.160000e+00	1.162862e-02
7.200000e+00	8.947696e-03
7.240000e+00	8.124997e-03
7.280000e+00	8.013648e-03
7.320000e+00	8.090568e-03
7.360000e+00	8.187529e-03
7.400000e+00	8.235441e-03
7.440000e+00	8.224860e-03
7.480000e+00	8.199331e-03
7.520000e+00	8.209112e-03
7.560000e+00	8.277288e-03
7.600000e+00	8.392532e-03
7.640000e+00	8.524461e-03
7.680000e+00	8.728235e-03
7.720000e+00	9.852139e-03
7.760000e+00	1.814949e-02
7.800000e+00	6.579635e-02
7.840000e+00	2.659774e-01
7.880000e+00	8.735605e-01
7.920000e+00	2.181441e+00
7.960000e+00	4.093068e+00
8.000000e+00	5.754724e+00
8.040000e+00	6.052629e+00
8.080000e+00	4.752853e+00
8.120000e+00	2.780745e+00
8.160000e+00	1.211155e+00
8.200000e+00	3.950157e-01
8.240000e+00	1.006186e-01
8.280000e+00	2.519134e-02
8.320000e+00	1.139267e-02
8.360000e+00	9.680882e-03
8.400000e+00	9.607171e-03
8.440000e+00	9.629916e-03
8.480000e+00	9.627614e-03
8.520000e+00	9.653538e-03
8.560000e+00	9.807790e-03
8.600000e+00	1.067998e-02
8.640000e+00	1.564097e-02
8.680000e+00	3.784917e-02
8.720000e+00	1.110994e-01
8.760000e+00	2.849216e-01
8.800000e+00	5.714835e-01
8.840000e+00	8.716633e-01
8.880000e+00	1.003594e+00
8.920000e+00	8.706303e-01
8.960000e+00	5.693860e-01
9.000000e+00	2.818336e-01
9.040000e+00	1.072633e-01
9.080000e+00	3.357812e-02
9.120000e+00	1.119501e-02
9.160000e+00	6.219132e-03
9.200000e+00	5.389263e-03
9.240000e+00	5.252196e-03
9.280000e+00	5.207567e-03
9.320000e+00	5.226295e-03
9.360000e+00	5.316234e-03
9.400000e+00	5.429189e-03
9.440000e+00	5.503826e-03
9.480000e+00	5.516062e-03
9.520000e+00	5.475097e-03
9.560000e+00	5.400126e-03
9.600000e+00	5.317852e-03
9.640000e+00	5.263592e-03
9.680000e+00	5.263722e-03
9.720000e+00	5.317269e-03
9.760000e+00	5.398555e-03
9.800000e+00	5.471720e-03
9.840000e+00	5.502483e-03
9.880000e+00	5.471130e-03
9.920000e+00	5.386629e-03
9.960000e+00	5.284321e-03
1.000000e+01	5.201690e-03
1.004000e+01	5.156970e-03
1.008000e+01	5.153253e-03
1.012000e+01	5.192546e-03
1.016000e+01	5.271435e-03
1.020000e+01	5.368961e-03
1.024000e+01	5.459385e-03
1.028000e+01	5.536679e-03
1.032000e+01	5.602650e-03
1.036000e+01	5.629137e-03
1.040000e+01	5.564315e-03
1.044000e+01	5.391680e-03
1.048000e+01	5.160684e-03
1.052000e+01	4.947282e-03
1.056000e+01	4.801003e-03
1.060000e+01	4.732916e-03
1.064000e+01	4.731148e-03
1.068000e+01	4.774997e-03
1.072000e+01	4.841553e-03
1.076000e+01	4.905851e-03
1.080000e+01	4.941195e-03
1.084000e+01	4.933480e-03
1.088000e+01	4.902483e-03
1.092000e+01	4.897182e-03
1.096000e+01	4.955581e-03
1.100000e+01	5.069502e-03
1.104000e+01	5.193815e-03
1.108000e+01	5.285658e-03
1.112000e+01	5.328832e-03
1.116000e+01	5.325269e-03
1.120000e+01	5.275671e-03
1.124000e+01	5.177091e-03
1.128000e+01	5.036719e-03
1.132000e+01	4.880236e-03
1.136000e+01	4.745519e-03
1.140000e+01	4.670172e-03
1.144000e+01	4.677239e-03
1.148000e+01	4.758624e-03
1.152000e+01	4.869159e-03
1.156000e+01	4.949537e-03
1.160000e+01	4.968652e-03
1.164000e+01	4.943892e-03
1.168000e+01	4.913058e-03
1.172000e+01	4.889180e-03
1.176000e+01	4.854790e-03
1.180000e+01	4.800514e-03
1.184000e+01	4.751971e-03
1.188000e+01	4.746899e-03
1.192000e+01	4.792457e-03
1.196000e+01	4.853376e-03
1.200000e+01	4.879475e-03
1.204000e+01	4.842503e-03
1.208000e+01	4.752348e-03
1.212000e+01	4.643407e-03
1.216000e+01	4.545593e-03
1.220000e+01	4.467728e-03
1.224000e+01	4.406300e-03
1.228000e+01	4.362691e-03
1.232000e+01	4.347307e-03
1.236000e+01	4.371322e-03
1.240000e+01	4.437249e-03
1.244000e+01	4.530997e-03
1.248000e+01	4.619361e-03
1.252000e+01	4.666059e-03
1.256000e+01	4.663458e-03
1.260000e+01	4.646638e-03
1.264000e+01	4.663910e-03
1.268000e+01	4.727738e-03
1.272000e+01	4.798445e-03
1.276000e+01	4.818994e-03
1.280000e+01	4.764785e-03
1.284000e+01	4.662233e-03
1.288000e+01	4.567137e-03
1.292000e+01	4.528550e-03
1.296000e+01	4.563441e-03
1.300000e+01	4.649101e-03
1.304000e+01	4.733075e-03
1.308000e+01	4.760370e-03
1.312000e+01	4.705333e-03
1.316000e+01	4.583827e-03
1.320000e+01	4.436390e-03
1.324000e+01	4.301217e-03
1.328000e+01	4.199849e-03
1.332000e+01	4.137256e-03
1.336000e+01	4.104532e-03
1.340000e+01	4.081706e-03
1.344000e+01	4.047920e-03
1.348000e+01	3.996937e-03
1.352000e+01	3.942616e-03
1.356000e+01	3.904943e-03
1.360000e+01	3.888431e-03
1.364000e+01	3.875441e-03
1.368000e+01	3.841970e-03
1.372000e+01	3.779124e-03
1.376000e+01	3.700104e-03
1.380000e+01	3.630890e-03
1.384000e+01	3.596392e-03
1.388000e+01	3.611879e-03
1.392000e+01	3.681092e-03
1.396000e+01	3.795022e-03
1.400000e+01	3.927082e-03
1.404000e+01	4.033106e-03
1.408000e+01	4.068351e-03
1.412000e+01	4.015201e-03
1.416000e+01	3.897346e-03
1.420000e+01	3.765561e-03
1.424000e+01	3.666392e-03
1.428000e+01	3.618548e-03
1.432000e+01	3.612215e-03
1.436000e+01	3.626417e-03
1.440000e+01	3.646846e-03
1.444000e+01	3.670744e-03
1.448000e+01	3.699922e-03
1.452000e+01	3.732260e-03
1.456000e+01	3.758619e-03
1.460000e+01	3.764868e-03
1.464000e+01	3.737693e-03
1.468000e+01	3.673642e-03
1.472000e+01	3.585879e-03
1.476000e+01	3.500101e-03
1.480000e+01	3.440488e-03
1.484000e+01	3.418029e-03
1.488000e+01	3.429963e-03
1.492000e+01	3.465062e-03
1.496000e+01	3.505779e-03
1.500000e+01	3.528654e-03
1.504000e+01	3.510998e-03
1.508000e+01	3.443555e-03
1.512000e+01	3.337650e-03
1.516000e+01	3.218297e-03
1.520000e+01	3.109228e-03
1.524000e+01	3.024031e-03
1.528000e+01	2.969533e-03
1.532000e+01	2.953162e-03
1.536000e+01	2.982265e-03
1.540000e+01	3.054596e-03
1.544000e+01	3.151534e-03
1.548000e+01	3.243685e-03
1.552000e+01	3.305130e-03
1.556000e+01	3.324028e-03
1.560000e+01	3.302599e-03
1.564000e+01	3.250375e-03
1.568000e+01	3.178860e-03
1.572000e+01	3.100909e-03
1.576000e+01	3.031542e-03
1.580000e+01	2.985853e-03
1.584000e+01	2.974301e-03
1.588000e+01	2.999571e-03
1.592000e+01	3.057020e-03
1.596000e+01	3.135979e-03
1.600000e+01	3.219506e-03
1.604000e+01	3.285463e-03
1.608000e+01	3.312718e-03
1.612000e+01	3.290214e-03
1.616000e+01	3.222371e-03
1.620000e+01	3.127683e-03
1.624000e+01	3.032132e-03
1.628000e+01	2.959564e-03
1.632000e+01	2.921237e-03
1.636000e+01	2.909778e-03
1.640000e+01	2.903250e-03
1.644000e+01	2.878633e-03
1.648000e+01	2.825666e-03
1.652000e+01	2.751103e-03
1.656000e+01	2.671786e-03
1.660000e+01	2.604322e-03
1.664000e+01	2.559614e-03
1.668000e+01	2.542953e-03
1.672000e+01	2.554850e-03
1.676000e+01	2.590062e-03
1.680000e+01	2.637546e-03
1.684000e+01	2.684614e-03
1.688000e+01	2.723478e-03
1.692000e+01	2.754256e-03
1.696000e+01	2.780860e-03
1.700000e+01	2.803107e-03
1.704000e+01	2.812545e-03
1.708000e+01	2.796670e-03
1.712000e+01	2.749001e-03
1.716000e+01	2.677105e-03
1.720000e+01	2.601471e-03
1.724000e+01	2.544586e-03
1.728000e+01	2.517434e-03
1.732000e+01	2.513523e-03
1.736000e+01	2.514933e-03
1.740000e+01	2.504792e-03
1.744000e+01	2.475895e-03
1.748000e+01	2.430510e-03
1.752000e+01	2.375097e-03
1.756000e+01	2.316401e-03
1.760000e+01	2.261225e-03
1.764000e+01	2.217376e-03
1.768000e+01	2.192515e-03
1.772000e+01	2.190599e-03
1.776000e+01	2.208763e-03
1.780000e+01	2.237873e-03
1.784000e+01	2.267161e-03
1.788000e+01	2.289902e-03
1.792000e+01	2.306122e-03
1.796000e+01	2.320717e-03
1.800000e+01	2.338766e-03
1.804000e+01	2.361477e-03
1.808000e+01	2.385004e-03
1.812000e+01	2.401925e-03
1.816000e+01	2.404058e-03
1.820000e+01	2.385506e-03
1.824000e+01	2.345197e-03
1.828000e+01	2.287975e-03
1.832000e+01	2.223556e-03
1.836000e+01	2.163726e-03
1.840000e+01	2.118937e-03
1.844000e+01	2.095474e-03
1.848000e+01	2.093855e-03
1.852000e+01	2.108567e-03
1.856000e+01	2.128872e-03
1.860000e+01	2.140656e-03
1.864000e+01	2.129953e-03
1.868000e+01	2.088336e-03
1.872000e+01	2.018060e-03
1.876000e+01	1.932943e-03
1.880000e+01	1.852761e-03
1.884000e+01	1.794003e-03
1.888000e+01	1.763135e-03
1.892000e+01	1.756294e-03
1.896000e+01	1.763871e-03
1.900000e+01	1.775620e-03
1.904000e+01	1.783887e-03
1.908000e+01	1.785668e-03
1.912000e+01	1.783920e-03
1.916000e+01	1.786215e-03
1.920000e+01	1.799182e-03
1.924000e+01	1.821567e-03
1.928000e+01	1.842006e-03
1.932000e+01	1.844736e-03
1.936000e+01	1.819390e-03
1.940000e+01	1.767267e-03
1.944000e+01	1.700056e-03
1.948000e+01	1.633742e-03
1.952000e+01	1.583162e-03
1.956000e+01	1.559548e-03
1.960000e+01	1.569345e-03
1.964000e+01	1.612449e-03
1.968000e+01	1.680971e-03
1.972000e+01	1.761262e-03
1.976000e+01	1.840090e-03
1.980000e+01	1.912452e-03
1.984000e+01	1.986533e-03
1.988000e+01	2.082548e-03
1.992000e+01	2.225612e-03
1.996000e+01	2.436381e-03
2.000000e+01	2.724649e-03
2.004000e+01	3.089064e-03
2.008000e+01	3.521569e-03
2.012000e+01	4.011628e-03
2.016000e+01	4.546258e-03
2.020000e+01	5.106474e-03
2.024000e+01	5.664376e-03
2.028000e+01	6.184261e-03
2.032000e+01	6.627633e-03
2.036000e+01	6.959757e-03
2.040000e+01	7.155042e-03
2.044000e+01	7.199152e-03
2.048000e+01	7.087421e-03
2.052000e+01	6.822243e-03
2.056000e+01	6.413504e-03
2.060000e+01	5.882858e-03
2.064000e+01	5.267459e-03
2.068000e+01	4.617410e-03
2.072000e+01	3.985782e-03
2.076000e+01	3.415953e-03
2.080000e+01	2.933038e-03
2.084000e+01	2.543028e-03
2.088000e+01	2.238315e-03
2.092000e+01	2.005377e-03
2.096000e+01	1.830831e-03
2.100000e+01	1.704270e-03
2.104000e+01	1.618122e-03
2.108000e+01	1.565658e-03
2.112000e+01	1.538734e-03
2.116000e+01	1.526954e-03
2.120000e+01	1.519142e-03
2.124000e+01	1.506463e-03
2.128000e+01	1.485219e-03
2.132000e+01	1.457501e-03
2.136000e+01	1.429420e-03
2.140000e+01	1.408308e-03
2.144000e+01	1.400743e-03
2.148000e+01	1.412175e-03
2.152000e+01	1.447504e-03
2.156000e+01	1.511408e-03
2.160000e+01	1.607786e-03
2.164000e+01	1.738558e-03
2.168000e+01	1.902341e-03
2.172000e+01	2.093477e-03
2.176000e+01	2.301975e-03
2.180000e+01	2.514953e-03
2.184000e+01	2.719605e-03
2.188000e+01	2.906525e-03
2.192000e+01	3.071418e-03
2.196000e+01	3.213969e-03
2.200000e+01	3.334443e-03
2.204000e+01	3.430268e-03
2.208000e+01	3.495045e-03
2.212000e+01	3.520908e-03
2.216000e+01	3.502807e-03
2.220000e+01	3.441767e-03
2.224000e+01	3.344863e-03
2.228000e+01	3.222260e-03
2.232000e+01	3.083930e-03
2.236000e+01	2.938555e-03
2.240000e+01	2.794637e-03
2.244000e+01	2.661550e-03
2.248000e+01	2.548319e-03
2.252000e+01	2.460419e-03
2.256000e+01	2.397176e-03
2.260000e+01	2.352369e-03
2.264000e+01	2.318145e-03
2.268000e+01	2.289604e-03
2.272000e+01	2.266723e-03
2.276000e+01	2.252201e-03
2.280000e+01	2.246922e-03
2.284000e+01	2.246586e-03
2.288000e+01	2.242066e-03
2.292000e+01	2.223110e-03
2.296000e+01	2.182582e-03
2.300000e+01	2.118661e-03
2.304000e+01	2.034502e-03
2.308000e+01	1.936524e-03
2.312000e+01	1.832438e-03
2.316000e+01	1.729300e-03
2.320000e+01	1.631724e-03
2.324000e+01	1.541013e-03
2.328000e+01	1.455915e-03
2.332000e+01	1.374647e-03
2.336000e+01	1.296828e-03
2.340000e+01	1.224141e-03
2.344000e+01	1.159659e-03
2.348000e+01	1.106702e-03
2.352000e+01	1.067928e-03
2.356000e+01	1.044714e-03
2.360000e+01	1.036528e-03
2.364000e+01	1.040418e-03
2.368000e+01	1.051200e-03
2.372000e+01	1.062842e-03
2.376000e+01	1.070614e-03
2.380000e+01	1.072768e-03
2.384000e+01	1.070677e-03
2.388000e+01	1.067411e-03
2.392000e+01	1.065818e-03
2.396000e+01	1.067277e-03
2.400000e+01	1.071494e-03
2.404000e+01	1.076999e-03
2.408000e+01	1.081876e-03
2.412000e+01	1.084559e-03
2.416000e+01	1.084550e-03
2.420000e+01	1.082720e-03
2.424000e+01	1.080854e-03
2.428000e+01	1.080610e-03
2.432000e+01	1.082536e-03
2.436000e+01	1.085786e-03
2.440000e+01	1.088657e-03
2.444000e+01	1.089566e-03
2.448000e+01	1.088046e-03
2.452000e+01	1.085445e-03
2.456000e+01	1.085086e-03
2.460000e+01	1.091578e-03
2.464000e+01	1.109247e-03
2.468000e+01	1.140294e-03
2.472000e+01	1.183896e-03
2.476000e+01	1.237155e-03
2.480000e+01	1.297436e-03
2.484000e+01	1.364262e-03
2.488000e+01	1.438967e-03
2.492000e+01	1.522198e-03
2.496000e+01	1.611453e-03
2.500000e+01	1.700946e-03
2.504000e+01	1.783680e-03
2.508000e+01	1.853005e-03
2.512000e+01	1.901449e-03
2.516000e+01	1.918233e-03
2.520000e+01	1.889721e-03
2.524000e+01	1.805269e-03
2.528000e+01	1.665514e-03
2.532000e+01	1.486577e-03
2.536000e+01	1.296023e-03
2.540000e+01	1.122631e-03
2.544000e+01	9.863847e-04
2.548000e+01	8.939584e-04
2.552000e+01	8.404875e-04
2.556000e+01	8.147143e-04
2.560000e+01	8.041442e-04
2.564000e+01	7.984949e-04
2.568000e+01	7.913393e-04
2.572000e+01	7.803983e-04
2.576000e+01	7.668043e-04
2.580000e+01	7.535719e-04
2.584000e+01	7.437047e-04
2.588000e+01	7.385954e-04
2.592000e+01	7.373446e-04
2.596000e+01	7.372512e-04
2.600000e+01	7.351794e-04
2.604000e+01	7.290813e-04
2.608000e+01	7.188996e-04
2.612000e+01	7.064493e-04
2.616000e+01	6.944652e-04
2.620000e+01	6.854149e-04
2.624000e+01	6.807006e-04
2.628000e+01	6.805278e-04
2.632000e+01	6.842896e-04
2.636000e+01	6.910672e-04
2.640000e+01	6.998849e-04
2.644000e+01	7.096238e-04
2.648000e+01	7.187988e-04
2.652000e+01	7.255497e-04
2.656000e+01	7.280690e-04
2.660000e+01	7.253497e-04
2.664000e+01	7.178208e-04
2.668000e+01	7.073938e-04
2.672000e+01	6.967556e-04
2.676000e+01	6.882160e-04
2.680000e+01	6.827306e-04
2.684000e+01	6.796362e-04
2.688000e+01	6.772312e-04
2.692000e+01	6.738728e-04
2.696000e+01	6.690276e-04
2.700000e+01	6.637619e-04
2.704000e+01	6.604197e-04
2.708000e+01	6.615788e-04
2.712000e+01	6.686996e-04
2.716000e+01	6.810802e-04
2.720000e+01	6.956529e-04
2.724000e+01	7.077895e-04
2.728000e+01	7.127855e-04
2.732000e+01	7.073693e-04
2.736000e+01	6.906258e-04
2.740000e+01	6.640692e-04
2.744000e+01	6.310120e-04
2.748000e+01	5.956198e-04
2.752000e+01	5.620335e-04
2.756000e+01	5.337564e-04
2.760000e+01	5.132964e-04
2.764000e+01	5.019530e-04
2.768000e+01	4.996865e-04
2.772000e+01	5.051150e-04
2.776000e+01	5.157305e-04
2.780000e+01	5.283623e-04
2.784000e+01	5.398056e-04
2.788000e+01	5.474751e-04
2.792000e+01	5.499296e-04
2.796000e+01	5.471254e-04
2.800000e+01	5.402960e-04
2.804000e+01	5.314885e-04
2.808000e+01	5.229780e-04
2.812000e+01	5.168726e-04
2.816000e+01	5.150654e-04
2.820000e+01	5.193593e-04
2.824000e+01	5.313581e-04
2.828000e+01	5.518380e-04
2.832000e+01	5.797536e-04
2.836000e+01	6.114959e-04
2.840000e+01	6.411196e-04
2.844000e+01	6.618237e-04
2.848000e+01	6.682011e-04
2.852000e+01	6.581866e-04
2.856000e+01	6.337078e-04
2.860000e+01	5.997675e-04
2.864000e+01	5.625699e-04
2.868000e+01	5.276992e-04
2.872000e+01	4.990747e-04
2.876000e+01	4.787728e-04
2.880000e+01	4.673357e-04
2.884000e+01	4.641332e-04
2.888000e+01	4.675843e-04
2.892000e+01	4.753082e-04
2.896000e+01	4.843779e-04
2.900000e+01	4.917805e-04
2.904000e+01	4.950207e-04
2.908000e+01	4.926578e-04
2.912000e+01	4.845357e-04
2.916000e+01	4.715935e-04
2.920000e+01	4.553695e-04
2.924000e+01	4.374747e-04
2.928000e+01	4.192883e-04
2.932000e+01	4.019378e-04
2.936000e+01	3.864301e-04
2.940000e+01	3.737402e-04
2.944000e+01	3.647630e-04
2.948000e+01	3.601619e-04
2.952000e+01	3.601998e-04
2.956000e+01	3.646082e-04
2.960000e+01	3.725186e-04
2.964000e+01	3.825007e-04
2.968000e+01	3.927670e-04
2.972000e+01	4.015544e-04
2.976000e+01	4.075779e-04
2.980000e+01	4.103699e-04
2.984000e+01	4.103490e-04
2.988000e+01	4.085939e-04
2.992000e+01	4.064267e-04
2.996000e+01	4.049554e-04
3.000000e+01	4.047090e-04
3.004000e+01	4.054538e-04
3.008000e+01	4.062488e-04
3.012000e+01	4.057417e-04
3.016000e+01	4.026310e-04
3.020000e+01	3.961350e-04
3.024000e+01	3.862912e-04
3.028000e+01	3.739733e-04
3.032000e+01	3.606289e-04
3.036000e+01	3.478549e-04
3.040000e+01	3.369808e-04
3.044000e+01	3.288111e-04
3.048000e+01	3.235900e-04
3.052000e+01	3.211362e-04
3.056000e+01	3.210230e-04
3.060000e+01	3.226894e-04
3.064000e+01	3.254692e-04
3.068000e+01	3.286227e-04
3.072000e+01	3.314663e-04
3.076000e+01	3.335963e-04
3.080000e+01	3.350748e-04
3.084000e+01	3.364175e-04
3.088000e+01	3.383337e-04
3.092000e+01	3.413425e-04
3.096000e+01	3.454792e-04
3.100000e+01	3.502409e-04
3.104000e+01	3.547584e-04
3.108000e+01	3.580640e-04
3.112000e+01	3.593220e-04
3.116000e+01	3.579853e-04
3.120000e+01	3.539052e-04
3.124000e+01	3.474218e-04
3.128000e+01	3.393959e-04
3.132000e+01	3.311116e-04
3.136000e+01	3.240121e-04
3.140000e+01	3.193180e-04
3.144000e+01	3.176437e-04
3.148000e+01	3.187510e-04
3.152000e+01	3.215354e-04
3.156000e+01	3.242693e-04
3.160000e+01	3.250515e-04
3.164000e+01	3.223438e-04
3.168000e+01	3.154356e-04
3.172000e+01	3.046872e-04
3.176000e+01	2.914659e-04
3.180000e+01	2.777910e-04
3.184000e+01	2.658015e-04
3.188000e+01	2.572065e-04
3.192000e+01	2.528704e-04
3.196000e+01	2.526351e-04
3.200000e+01	2.554147e-04
3.204000e+01	2.595230e-04
3.208000e+01	2.631328e-04
3.212000e+01	2.647268e-04
3.216000e+01	2.634242e-04
3.220000e+01	2.591266e-04
3.224000e+01	2.524977e-04
3.228000e+01	2.448145e-04
3.232000e+01	2.377132e-04
3.236000e+01	2.328451e-04
3.240000e+01	2.314822e-04
3.244000e+01	2.341675e-04
3.248000e+01	2.405359e-04
3.252000e+01	2.493890e-04
3.256000e+01	2.590112e-04
3.260000e+01	2.676099e-04
3.264000e+01	2.737194e-04
3.268000e+01	2.764516e-04
3.272000e+01	2.755566e-04
3.276000e+01	2.713331e-04
3.280000e+01	2.644538e-04
3.284000e+01	2.557613e-04
3.288000e+01	2.460829e-04
3.292000e+01	2.361104e-04
3.296000e+01	2.263773e-04
3.300000e+01	2.173197e-04
3.304000e+01	2.093520e-04
3.308000e+01	2.028715e-04
3.312000e+01	1.981536e-04
3.316000e+01	1.951888e-04
3.320000e+01	1.935653e-04
3.324000e+01	1.924939e-04
3.328000e+01	1.909984e-04
3.332000e+01	1.882070e-04
3.336000e+01	1.836341e-04
3.340000e+01	1.773382e-04
3.344000e+01	1.699021e-04
3.348000e+01	1.622466e-04
3.352000e+01	1.553539e-04
3.356000e+01	1.499950e-04
3.360000e+01	1.465415e-04
3.364000e+01	1.449045e-04
3.368000e+01	1.446056e-04
3.372000e+01	1.449511e-04
3.376000e+01	1.452457e-04
3.380000e+01	1.449687e-04
3.384000e+01	1.438455e-04
3.388000e+01	1.417985e-04
3.392000e+01	1.388258e-04
3.396000e+01	1.348935e-04
3.400000e+01	1.299113e-04
3.404000e+01	1.238010e-04
3.408000e+01	1.166045e-04
3.412000e+01	1.085546e-04
3.416000e+01	1.000631e-04
3.420000e+01	9.163061e-05
3.424000e+01	8.372651e-05
3.428000e+01	7.669306e-05
3.432000e+01	7.070345e-05
3.436000e+01	6.577457e-05
3.440000e+01	6.181398e-05
3.444000e+01	5.867523e-05
3.448000e+01	5.620178e-05
3.452000e+01	5.425054e-05
3.456000e+01	5.269782e-05
3.460000e+01	5.143906e-05
3.464000e+01	5.039322e-05
3.468000e+01	4.951500e-05
3.472000e+01	4.880687e-05
3.476000e+01	4.831809e-05
3.480000e+01	4.812389e-05
3.484000e+01	4.828988e-05
3.488000e+01	4.883661e-05
3.492000e+01	4.971871e-05
3.496000e+01	5.082473e-05
3.500000e+01	5.199454e-05
3.504000e+01	5.304718e-05
3.508000e+01	5.381386e-05
3.512000e+01	5.417252e-05
3.516000e+01	5.407848e-05
3.520000e+01	5.358105e-05
3.524000e+01	5.281407e-05
3.528000e+01	5.195539e-05
3.532000e+01	5.116451e-05
3.536000e+01	5.052276e-05
3.540000e+01	5.000514e-05
3.544000e+01	4.950197e-05
3.548000e+01	4.888422e-05
3.552000e+01	4.808178e-05
3.556000e+01	4.713418e-05
3.560000e+01	4.618524e-05
3.564000e+01	4.542209e-05
3.568000e+01	4.498731e-05
3.572000e+01	4.490642e-05
3.576000e+01	4.506391e-05
3.580000e+01	4.523764e-05
3.584000e+01	4.517488e-05
3.588000e+01	4.467748e-05
3.592000e+01	4.366156e-05
3.596000e+01	4.217128e-05
3.600000e+01	4.034688e-05
3.604000e+01	3.836731e-05
3.608000e+01	3.639607e-05
3.612000e+01	3.455184e-05
3.616000e+01	3.290844e-05
3.620000e+01	3.151165e-05
3.624000e+01	3.039452e-05
3.628000e+01	2.957934e-05
3.632000e+01	2.906738e-05
3.636000e+01	2.882770e-05
3.640000e+01	2.879673e-05
3.644000e+01	2.889291e-05
3.648000e+01	2.904088e-05
3.652000e+01	2.919363e-05
3.656000e+01	2.934210e-05
3.660000e+01	2.950783e-05
3.664000e+01	2.972230e-05
3.668000e+01	3.000215e-05
3.672000e+01	3.033120e-05
3.676000e+01	3.065728e-05
3.680000e+01	3.090651e-05
3.684000e+01	3.101032e-05
3.688000e+01	3.093505e-05
3.692000e+01	3.070147e-05
3.696000e+01	3.038503e-05
3.700000e+01	3.009550e-05
3.704000e+01	2.994310e-05
3.708000e+01	3.000392e-05
3.712000e+01	3.029623e-05
3.716000e+01	3.077391e-05
3.720000e+01	3.133591e-05
3.724000e+01	3.184635e-05
3.728000e+01	3.215918e-05
3.732000e+01	3.214331e-05
3.736000e+01	3.170652e-05
3.740000e+01	3.081637e-05
3.744000e+01	2.951482e-05
3.748000e+01	2.792142e-05
3.752000e+01	2.622051e-05
3.756000e+01	2.463143e-05
3.760000e+01	2.336635e-05
3.764000e+01	2.258549e-05
3.768000e+01	2.236167e-05
3.772000e+01	2.266411e-05
3.776000e+01	2.336582e-05
3.780000e+01	2.427177e-05
3.784000e+01	2.515890e-05
3.788000e+01	2.581696e-05
3.792000e+01	2.608058e-05
3.796000e+01	2.584842e-05
3.800000e+01	2.509025e-05
3.804000e+01	2.384484e-05
3.808000e+01	2.221111e-05
3.812000e+01	2.033255e-05
3.816000e+01	1.837518e-05
3.820000e+01	1.650195e-05
3.824000e+01	1.484949e-05
3.828000e+01	1.351401e-05
3.832000e+01	1.254907e-05
3.836000e+01	1.197219e-05
3.840000e+01	1.177285e-05
3.844000e+01	1.191563e-05
3.848000e+01	1.233690e-05
3.852000e+01	1.294072e-05
3.856000e+01	1.360193e-05
3.860000e+01	1.418217e-05
3.864000e+01	1.455671e-05
3.868000e+01	1.464300e-05
3.872000e+01	1.441904e-05
3.876000e+01	1.392396e-05
3.880000e+01	1.324106e-05
3.884000e+01	1.247114e-05
3.888000e+01	1.170690e-05
3.892000e+01	1.101604e-05
3.896000e+01	1.043565e-05
3.900000e+01	9.975394e-06
3.904000e+01	9.625170e-06
3.908000e+01	9.363873e-06
3.912000e+01	9.167052e-06
3.916000e+01	9.012436e-06
3.920000e+01	8.882523e-06
3.924000e+01	8.764018e-06
3.928000e+01	8.645186e-06
3.932000e+01	8.513480e-06
3.936000e+01	8.355956e-06
3.940000e+01	8.163281e-06
3.944000e+01	7.935405e-06
3.948000e+01	7.685074e-06
3.952000e+01	7.435638e-06
3.956000e+01	7.212351e-06
3.960000e+01	7.030032e-06
3.964000e+01	6.882541e-06
3.968000e+01	6.739477e-06
3.972000e+01	6.552690e-06
3.976000e+01	6.270810e-06
3.980000e+01	5.856374e-06
3.984000e+01	5.298884e-06
3.988000e+01	4.619043e-06
3.992000e+01	3.863212e-06
3.996000e+01	3.090987e-06
