0	0
0.02945	0
0.0589	0
0.08835	0
0.1178	0
0.14725	0
0.1767	0
0.20615	0
0.2356	0
0.26505	0
0.29451	0
0.32396	0
0.35341	0
0.38286	0
0.41231	0
0.44176	0
0.47121	0
0.50066	0
0.53011	0
0.55956	0
0.58901	0
0.61846	0
0.64791	0
0.67736	0
0.70681	0
0.73626	0
0.76571	0
0.79516	0
0.82462	0
0.85407	0
0.88352	0
0.91297	0
0.94242	0
0.97187	0
1.00132	0
1.03077	0
1.06022	0
1.08967	0
1.11912	0
1.14857	0
1.17802	0
1.20747	0
1.23692	0
1.26637	0
1.29582	0
1.32527	0
1.35473	0
1.38418	0
1.41363	0
1.44308	0
1.47253	58
1.50198	79
1.53143	69
1.56088	59
1.59033	42
1.61978	40
1.64923	51
1.67868	46
1.70813	102
1.73758	166
1.76703	177
1.79648	123
1.82593	71
1.85538	62
1.88484	55
1.91429	69
1.94374	84
1.97319	100
2.00264	84
2.03209	54
2.06154	34
2.09099	37
2.12044	29
2.14989	36
2.17934	43
2.20879	59
2.23824	65
2.26769	73
2.29714	66
2.32659	66
2.35604	73
2.38549	70
2.41495	69
2.4444	68
2.47385	76
2.5033	59
2.53275	85
2.5622	81
2.59165	102
2.6211	97
2.65055	89
2.68	86
2.70945	99
2.7389	89
2.76835	109
2.7978	115
2.82725	164
2.8567	305
2.88615	722
2.9156	1721
2.94505	2932
2.97451	3534
3.00396	3064
3.03341	1982
3.06286	987
3.09231	590
3.12176	626
3.15121	830
3.18066	898
3.21011	849
3.23956	760
3.26901	660
3.29846	769
3.32791	817
3.35736	693
3.38681	470
3.41626	250
3.44571	169
3.47516	156
3.50462	169
3.53407	219
3.56352	337
3.59297	750
3.62242	1790
3.65187	3522
3.68132	5305
3.71077	5873
3.74022	4662
3.76967	2682
3.79912	1143
3.82857	402
3.85802	166
3.88747	141
3.91692	210
3.94637	403
3.97582	637
4.00527	934
4.03473	990
4.06418	779
4.09363	464
4.12308	253
4.15253	144
4.18198	113
4.21143	75
4.24088	94
4.27033	84
4.29978	98
4.32923	94
4.35868	96
4.38813	124
4.41758	132
4.44703	209
4.47648	258
4.50593	304
4.53538	293
4.56484	248
4.59429	211
4.62374	173
4.65319	145
4.68264	160
4.71209	157
4.74154	140
4.77099	139
4.80044	160
4.82989	168
4.85934	172
4.88879	181
4.91824	201
4.94769	226
4.97714	212
5.00659	180
5.03604	192
5.06549	180
5.09495	167
5.1244	180
5.15385	173
5.1833	192
5.21275	170
5.2422	203
5.27165	184
5.3011	198
5.33055	244
5.36	203
5.38945	272
5.4189	259
5.44835	215
5.4778	234
5.50725	207
5.5367	248
5.56615	217
5.5956	242
5.62505	228
5.65451	238
5.68396	207
5.71341	237
5.74286	247
5.77231	232
5.80176	232
5.83121	269
5.86066	278
5.89011	311
5.91956	307
5.94901	314
5.97846	307
6.00791	299
6.03736	281
6.06681	286
6.09626	278
6.12571	295
6.15516	352
6.18462	379
6.21407	486
6.24352	704
6.27297	1090
6.30242	1810
6.33187	3105
6.36132	4626
6.39077	5792
6.42022	5638
6.44967	4590
6.47912	3193
6.50857	1838
6.53802	885
6.56747	536
6.59692	409
6.62637	361
6.65582	385
6.68527	331
6.71473	342
6.74418	392
6.77363	368
6.80308	405
6.83253	377
6.86198	378
6.89143	417
6.92088	486
6.95033	564
6.97978	761
7.00923	954
7.03868	1066
7.06813	1196
7.09758	1022
7.12703	834
7.15648	663
7.18593	496
7.21538	449
7.24484	410
7.27429	389
7.30374	384
7.33319	407
7.36264	451
7.39209	440
7.42154	449
7.45099	439
7.48044	484
7.50989	459
7.53934	476
7.56879	447
7.59824	483
7.62769	513
7.65714	523
7.68659	525
7.71604	563
7.74549	702
7.77495	796
7.8044	1047
7.83385	1774
7.8633	4121
7.89275	9909
7.9222	22867
7.95165	45207
7.9811	75164
8.01055	103124
8.04	118178
8.06945	111856
8.0989	87440
8.12835	56664
8.1578	30765
8.18725	13941
8.2167	5465
8.24615	2087
8.2756	979
8.30505	696
8.33451	585
8.36396	541
8.39341	524
8.42286	531
8.45231	538
8.48176	531
8.51121	614
8.54066	627
8.57011	659
8.59956	728
8.62901	811
8.65846	923
8.68791	1086
8.71736	1502
8.74681	2321
8.77626	4210
8.80571	7542
8.83516	11655
8.86462	16350
8.89407	18825
8.92352	18660
8.95297	15799
8.98242	10766
9.01187	6570
9.04132	3504
9.07077	1572
9.10022	789
9.12967	425
9.15912	330
9.18857	290
9.21802	287
9.24747	251
9.27692	283
9.30637	265
9.33582	242
9.36527	257
9.39473	293
9.42418	263
9.45363	268
9.48308	257
9.51253	274
9.54198	264
9.57143	267
9.60088	314
9.63033	282
9.65978	270
9.68923	291
9.71868	253
9.74813	270
9.77758	271
9.80703	301
9.83648	250
9.86593	290
9.89538	295
9.92484	278
9.95429	263
9.98374	279
10.01319	273
10.04264	275
10.07209	274
10.10154	274
10.13099	296
10.16044	243
10.18989	250
10.21934	264
10.24879	287
10.27824	289
10.30769	268
10.33714	299
10.36659	275
10.39604	234
10.42549	290
10.45495	267
10.4844	278
10.51385	295
10.5433	333
10.57275	256
10.6022	252
10.63165	290
10.6611	269
10.69055	263
10.72	274
10.74945	239
10.7789	264
10.80835	229
10.8378	258
10.86725	289
10.8967	258
10.92615	271
10.9556	266
10.98505	294
11.01451	247
11.04396	272
11.07341	271
11.10286	271
11.13231	256
11.16176	283
11.19121	247
11.22066	255
11.25011	302
11.27956	249
11.30901	260
11.33846	269
11.36791	270
11.39736	256
11.42681	265
11.45626	298
11.48571	259
11.51516	259
11.54462	245
11.57407	288
11.60352	250
11.63297	254
11.66242	294
11.69187	267
11.72132	259
11.75077	259
11.78022	274
11.80967	300
11.83912	287
11.86857	294
11.89802	282
11.92747	315
11.95692	309
11.98637	284
12.01582	288
12.04527	237
12.07473	257
12.10418	236
12.13363	265
12.16308	252
12.19253	239
12.22198	266
12.25143	204
12.28088	242
12.31033	241
12.33978	260
12.36923	231
12.39868	221
12.42813	217
12.45758	235
12.48703	239
12.51648	281
12.54593	238
12.57538	252
12.60484	234
12.63429	234
12.66374	254
12.69319	234
12.72264	234
12.75209	202
12.78154	231
12.81099	234
12.84044	230
12.86989	229
12.89934	242
12.92879	202
12.95824	222
12.98769	240
13.01714	217
13.04659	239
13.07604	203
13.10549	209
13.13495	243
13.1644	218
13.19385	215
13.2233	235
13.25275	226
13.2822	219
13.31165	245
13.3411	206
13.37055	249
13.4	220
13.42945	241
13.4589	234
13.48835	224
13.5178	194
13.54725	217
13.5767	213
13.60615	227
13.6356	208
13.66505	232
13.69451	241
13.72396	226
13.75341	194
13.78286	191
13.81231	193
13.84176	193
13.87121	211
13.90066	173
13.93011	195
13.95956	211
13.98901	194
14.01846	185
14.04791	239
14.07736	226
14.10681	207
14.13626	222
14.16571	225
14.19516	208
14.22462	197
14.25407	207
14.28352	185
14.31297	198
14.34242	222
14.37187	207
14.40132	203
14.43077	215
14.46022	178
14.48967	206
14.51912	178
14.54857	159
14.57802	174
14.60747	190
14.63692	191
14.66637	190
14.69582	172
14.72527	165
14.75473	178
14.78418	183
14.81363	188
14.84308	188
14.87253	196
14.90198	182
14.93143	175
14.96088	183
14.99033	179
15.01978	187
15.04923	148
15.07868	189
15.10813	173
15.13758	188
15.16703	177
15.19648	178
15.22593	168
15.25538	193
15.28484	172
15.31429	164
15.34374	191
15.37319	146
15.40264	167
15.43209	157
15.46154	151
15.49099	179
15.52044	169
15.54989	158
15.57934	164
15.60879	182
15.63824	157
15.66769	163
15.69714	174
15.72659	172
15.75604	184
15.78549	177
15.81495	178
15.8444	180
15.87385	174
15.9033	185
15.93275	162
15.9622	205
15.99165	246
16.0211	286
16.05055	263
16.08	260
16.10945	255
16.1389	249
16.16835	228
16.1978	204
16.22725	178
16.2567	172
16.28615	160
16.3156	155
16.34505	157
16.37451	139
16.40396	132
16.43341	130
16.46286	150
16.49231	147
16.52176	137
16.55121	154
16.58066	148
16.61011	141
16.63956	150
16.66901	137
16.69846	150
16.72791	148
16.75736	164
16.78681	133
16.81626	133
16.84571	141
16.87516	151
16.90462	191
16.93407	189
16.96352	150
16.99297	207
17.02242	147
17.05187	165
17.08132	135
17.11077	143
17.14022	143
17.16967	120
17.19912	122
17.22857	133
17.25802	113
17.28747	146
17.31692	107
17.34637	135
17.37582	132
17.40527	123
17.43473	116
17.46418	123
17.49363	106
17.52308	143
17.55253	116
17.58198	124
17.61143	137
17.64088	116
17.67033	130
17.69978	114
17.72923	115
17.75868	133
17.78813	134
17.81758	129
17.84703	128
17.87648	125
17.90593	121
17.93538	116
17.96484	111
17.99429	130
18.02374	113
18.05319	119
18.08264	127
18.11209	107
18.14154	127
18.17099	111
18.20044	118
18.22989	125
18.25934	126
18.28879	131
18.31824	117
18.34769	113
18.37714	130
18.40659	121
18.43604	126
18.46549	100
18.49495	128
18.5244	108
18.55385	105
18.5833	119
18.61275	112
18.6422	118
18.67165	103
18.7011	122
18.73055	104
18.76	106
18.78945	104
18.8189	113
18.84835	107
18.8778	108
18.90725	116
18.9367	114
18.96615	102
18.9956	107
19.02505	120
19.05451	100
19.08396	122
19.11341	116
19.14286	102
19.17231	107
19.20176	111
19.23121	102
19.26066	107
19.29011	112
19.31956	100
19.34901	102
19.37846	121
19.40791	119
19.43736	106
19.46681	112
19.49626	99
19.52571	126
19.55516	121
19.58462	115
19.61407	118
19.64352	104
19.67297	142
19.70242	113
19.73187	141
19.76132	117
19.79077	142
19.82022	126
19.84967	138
19.87912	144
19.90857	150
19.93802	150
19.96747	167
19.99692	186
20.02637	211
20.05582	177
20.08527	203
20.11473	225
20.14418	208
20.17363	264
20.20308	265
20.23253	260
20.26198	283
20.29143	270
20.32088	255
20.35033	305
20.37978	317
20.40923	299
20.43868	278
20.46813	291
20.49758	302
20.52703	253
20.55648	273
20.58593	249
20.61538	261
20.64484	230
20.67429	223
20.70374	188
20.73319	195
20.76264	164
20.79209	142
20.82154	136
20.85099	164
20.88044	121
20.90989	163
20.93934	141
20.96879	125
20.99824	117
21.02769	127
21.05714	118
21.08659	114
21.11604	116
21.14549	99
21.17495	104
21.2044	97
21.23385	99
21.2633	93
21.29275	99
21.3222	81
21.35165	87
21.3811	98
21.41055	96
21.44	81
21.46945	87
21.4989	79
21.52835	82
21.5578	87
21.58725	65
21.6167	91
21.64615	82
21.6756	106
21.70505	92
21.73451	80
21.76396	87
21.79341	85
21.82286	96
21.85231	110
21.88176	128
21.91121	132
21.94066	130
21.97011	149
21.99956	148
22.02901	136
22.05846	161
22.08791	167
22.11736	173
22.14681	156
22.17626	159
22.20571	154
22.23516	128
22.26462	122
22.29407	94
22.32352	91
22.35297	93
22.38242	80
22.41187	91
22.44132	87
22.47077	82
22.50022	97
22.52967	90
22.55912	80
22.58857	86
22.61802	88
22.64747	79
22.67692	96
22.70637	100
22.73582	76
22.76527	81
22.79473	85
22.82418	73
22.85363	90
22.88308	94
22.91253	87
22.94198	106
22.97143	85
23.00088	74
23.03033	72
23.05978	73
23.08923	85
23.11868	76
23.14813	80
23.17758	79
23.20703	74
23.23648	64
23.26593	70
23.29538	62
23.32484	65
23.35429	64
23.38374	61
23.41319	68
23.44264	59
23.47209	55
23.50154	67
23.53099	43
23.56044	48
23.58989	69
23.61934	55
23.64879	52
23.67824	60
23.70769	52
23.73714	48
23.76659	48
23.79604	56
23.82549	50
23.85495	54
23.8844	57
23.91385	59
23.9433	67
23.97275	45
24.0022	42
24.03165	52
24.0611	51
24.09055	52
24.12	31
24.14945	59
24.1789	38
24.20835	45
24.2378	55
24.26725	45
24.2967	46
24.32615	37
24.3556	48
24.38505	37
24.41451	34
24.44396	40
24.47341	49
24.50286	43
24.53231	49
24.56176	46
24.59121	48
24.62066	49
24.65011	50
24.67956	45
24.70901	46
24.73846	56
24.76791	73
24.79736	68
24.82681	67
24.85626	79
24.88571	73
24.91516	87
24.94462	82
24.97407	88
25.00352	84
25.03297	76
25.06242	93
25.09187	83
25.12132	92
25.15077	91
25.18022	79
25.20967	86
25.23912	118
25.26857	84
25.29802	86
25.32747	73
25.35692	63
25.38637	78
25.41582	56
25.44527	55
25.47473	54
25.50418	36
25.53363	43
25.56308	47
25.59253	41
25.62198	33
25.65143	42
25.68088	37
25.71033	33
25.73978	34
25.76923	26
25.79868	37
25.82813	37
25.85758	41
25.88703	33
25.91648	39
25.94593	34
25.97538	34
26.00484	28
26.03429	34
26.06374	50
26.09319	40
26.12264	37
26.15209	38
26.18154	38
26.21099	36
26.24044	27
26.26989	38
26.29934	39
26.32879	26
26.35824	31
26.38769	42
26.41714	28
26.44659	31
26.47604	35
26.50549	35
26.53495	23
26.5644	38
26.59385	36
26.6233	28
26.65275	29
26.6822	29
26.71165	38
26.7411	26
26.77055	27
26.8	28
26.82945	26
26.8589	32
26.88835	30
26.9178	33
26.94725	29
26.9767	32
27.00615	31
27.0356	29
27.06505	20
27.09451	25
27.12396	24
27.15341	38
27.18286	33
27.21231	24
27.24176	34
27.27121	29
27.30066	22
27.33011	33
27.35956	23
27.38901	21
27.41846	25
27.44791	27
27.47736	35
27.50681	28
27.53626	15
27.56571	29
27.59516	26
27.62462	35
27.65407	25
27.68352	32
27.71297	34
27.74242	31
27.77187	23
27.80132	27
27.83077	23
27.86022	28
27.88967	22
27.91912	28
27.94857	17
27.97802	34
28.00747	21
28.03692	29
28.06637	17
28.09582	17
28.12527	20
28.15473	38
28.18418	22
28.21363	21
28.24308	33
28.27253	28
28.30198	29
28.33143	28
28.36088	36
28.39033	40
28.41978	36
28.44923	40
28.47868	37
28.50813	32
28.53758	29
28.56703	30
28.59648	30
28.62593	25
28.65538	22
28.68484	22
28.71429	17
28.74374	14
28.77319	17
28.80264	29
28.83209	26
28.86154	20
28.89099	23
28.92044	28
28.94989	21
28.97934	16
29.00879	24
29.03824	17
29.06769	26
29.09714	24
29.12659	11
29.15604	14
29.18549	21
29.21495	21
29.2444	20
29.27385	21
29.3033	23
29.33275	29
29.3622	15
29.39165	11
29.4211	19
29.45055	13
29.48	18
29.50945	12
29.5389	9
29.56835	16
29.5978	19
29.62725	24
29.6567	20
29.68615	21
29.7156	18
29.74505	13
29.77451	10
29.80396	25
29.83341	20
29.86286	9
29.89231	9
29.92176	17
29.95121	17
29.98066	14
30.01011	19
30.03956	15
30.06901	8
30.09846	20
30.12791	11
