0 0
1 0
2 0
3 0
4 0
5 0
6 0
7 0
8 0
9 0
10 0
11 0
12 0
13 0
14 0
15 0
16 0
17 0
18 0
19 0
20 0
21 0
22 0
23 0
24 0
25 0
26 0
27 0
28 0
29 0
30 0
31 0
32 0
33 0
34 807.92723693393421345320
35 802.11258423989588801375
36 796.33738448095609852447
37 790.60156647350132884886
38 784.90505916638388117856
39 779.25584546516799229847
40 773.64579060800790904597
41 768.07482395388675768197
42 762.55091360661202867703
43 757.05790689983917837084
44 751.61180576150586869610
45 746.19647802965862253959
46 740.82790566899940602446
47 735.49799034002612811388
48 730.19865400924223379043
49 724.94584876596201562278
50 719.72349353756750089087
51 714.54752054263010784955
52 709.40186907587640505939
53 704.29446831519623077257
54 699.23322750406302644404
55 694.19414322086562652596
56 689.20108136094674556212
57 684.23803195319734857548
58 679.32085794402874332942
59 674.43356959390574654442
60 669.57611365222431910600
61 664.75638023658129081302
62 659.97430137951109154985
63 655.22980923932756100531
64 650.51490772891782907774
65 645.82954412849101481278
66 641.18950273840216677078
67 636.57096080509528391334
68 631.99760646863612464680
69 627.44564688296692686252
70 622.93084205166964259610
71 618.45312507460114958192
72 614.00454033072998136771
73 609.58503592682211058243
74 605.20243907407334599773
75 600.84880923927272727272
76 596.53196402060255980298
77 592.23610863360332474303
78 587.97692516534905591137
79 583.74649312774477247224
80 579.55261093162996504881
81 575.38736808955797894831
82 571.24287375050668859032
83 567.13476158311678241868
84 563.06296615119546028565
85 559.01177165618284465000
86 554.98896244727690751169
87 551.00230351484413856202
88 547.03610851634796719442
89 543.10595330935803082622
90 539.20397212586181636186
91 535.32231866923835877952
92 531.47654000428261792024
93 527.65878517987049545071
94 523.86122266167834727477
95 520.09937080107005148496
96 516.35762139921624034023
97 512.64370649793083634422
98 508.95757657170996341995
99 505.29918218563677744410
100 501.66847399519608885109
101 498.06540274608941312946
102 494.48217605175085914512
103 490.92649762894758005917
104 487.39831847962675974151
105 483.89758969523864518605
106 480.42426245655367767419
107 476.97056868911957470012
108 473.54418862082578297159
109 470.13736386199206255098
110 466.75776526680813622483
111 463.40534443355880019747
112 460.07235747210329696594
113 456.76646121451367497306
114 453.48760751022447720265
115 450.22806692767152959734
116 446.99548231485970039580
117 443.78213385223140181915
118 440.59565508179501570077
119 437.42833577793408419447
120 434.28780019349637194302
121 431.16634767878679639337
122 428.07159321428827561037
123 424.99584570825290330076
124 421.93907190534443184257
125 418.90887290242214532871
126 415.90520151277359215450
127 412.91276077816689330297
128 409.94677224149561852447
129 407.00718894703010435758
130 404.07874219270669764753
131 401.17662567425916616929
132 398.30079266560079605162
133 395.43600264231348086121
134 392.59742152901266750711
135 389.77741518114190508906
136 386.97595110826066013960
137 384.20057524759489360637
138 381.44366759181547104241
139 378.70519583874357812240
140 375.98512774445103512927
141 373.28343112314268155639
142 370.60007384703902866108
143 367.94257448394610614941
144 365.30334116989673876702
145 362.67480053538184311604
146 360.07200815024912011256
147 357.48738615706014627599
148 354.92090278626954319154
149 352.37252632551316342435
150 349.84222511949290113118
151 347.33748146856527686927
152 344.84323146030106257378
153 342.36696208630131964873
154 339.90864191838036162477
155 337.46823958484651770005
156 335.04572377038850401300
157 332.64106321596205271485
158 330.25422671867679818580
159 327.88518313168341974105
160 325.53390136406104017440
161 323.19288202987807699164
162 320.87703538338270117085
163 318.57139832286013540879
164 316.28340831845230552236
165 314.01303454486356362830
166 311.76024623207637277886
167 309.52501266524044050645
168 307.30730318456210313680
169 305.09965497513878158424
170 302.90947869530110041839
171 300.73674383751164130253
172 298.58141994886941392814
173 296.43606239303353635868
174 294.30806402968755974082
175 292.19739455699103477593
176 290.10402372732343298826
177 288.02052501618736495594
178 285.95427354828155335988
179 283.90523922586097384843
180 281.86600906169410831184
181 279.84394491781268487342
182 277.83901684547996947441
183 275.84382535754945457535
184 273.86571908892587959181
185 271.90466823901933386325
186 269.95328678372442023116
187 268.01891016623298890973
188 266.09416131328503205679
189 264.18636688921338480595
190 262.29549733445069410840
191 260.41418897736009958261
192 258.54242559496440213529
193 256.69484168876094854811
194 254.84943184183142559833
195 253.02082623015143646867
196 251.20899557322210761844
197 249.40660288087724553138
198 247.62093551187746868653
199 245.84466533750262119748
200 244.08507102336000000000
201 242.33483328605337223185
202 240.59393624540846149915
203 238.86964555039639067570
204 237.15465514957759837216
205 235.45622203738825112306
206 233.76704896759799221054
207 232.09438429548422317723
208 230.43093956404071569016
209 228.77669912291962792511
210 227.13889839156508540182
211 225.51026206108300696011
212 223.89077457525963526124
213 222.28765845214818696772
214 220.69365149526737751235
215 219.11596764469295834251
216 217.54735342965231855247
217 215.98779345338772261466
218 214.43727234619943097011
219 212.90298692619613198306
220 211.37770111513819666494
221 209.86139963571840641561
222 208.35406723745670784228
223 206.86288367712382337223
224 205.38063020627967908264
225 203.90729166609239635734
226 202.45003505981386463615
227 201.00165459823047638107
228 199.56213521359100021540
229 198.13146186456798786023
230 196.70961953620586181256
231 195.30375404334654521628
232 193.89952456167228834566
233 192.51123351457465830333
234 191.13170519995197667223
235 189.76092474527603654943
236 188.40601687043092495782
237 187.05268338610839129828
238 185.71518440195064772567
239 184.38636559422885090150
240 183.06621223140495867768
241 181.75470960771369216817
242 180.45184304311205182467
243 179.15759788322894508797
244 177.87906528229268640132
245 176.60201486511278792054
246 175.34063942139800405226
247 174.08072545117005726601
248 172.83644898570987869319
249 171.60069816018512298112
250 170.36637790711737727195
251 169.14763917565046767128
252 167.93738276133747179292
253 166.73559427487048845882
254 165.54225935204925241591
255 164.35736365373211174499
256 163.18089286578711324028
257 162.01283269904319549333
258 160.85316888924148941502
259 159.70188719698672593068
260 158.55897340769875058379
261 157.42441333156414478444
262 156.29116216191521771237
263 155.17327118099964840585
264 154.06369148826056204392
265 152.96240899247412099662
266 151.86940962694291390922
267 150.77766936900425744082
268 149.70119828305392417267
269 148.63296827031481928469
270 147.56596773426985316195
271 146.50718857841344677089
272 145.46360628160779626780
273 144.42122401298249996473
274 143.38702140655878166415
275 142.36098460343015644334
276 141.34309976876071865724
277 140.33335309173840324091
278 139.32476594020040491620
279 138.33125832346027840006
280 137.33889088623046875000
281 136.35461474790912372833
282 135.37841620637490484424
283 134.41028158326877265028
284 133.45019722394792851054
285 132.49814949743985702470
286 131.54719250336825594723
287 130.60425305696166806889
288 129.66931758732365017930
289 128.74237254706182371036
290 127.82340441224238643291
291 126.91239968234472340327
292 126.00243685187993928871
293 125.10041855880814373256
294 124.20633136199137635163
295 123.32016184354076065955
296 122.43500468618862302242
297 121.55774647626765430698
298 120.68837385483078811860
299 119.82687348601729186993
300 118.96635618391931379017
301 118.12056440850668875553
302 117.27573714335511496847
303 116.43187313438741340535
304 115.60269088864961682699
305 114.77445343813359542797
306 113.95401145920646113035
307 113.14135177826926664626
308 112.32961730261120479118
309 111.52564679738691772362
310 110.72942714663912757042
311 109.94094525701663868322
312 109.15335999817883809870
313 108.37349430527199697355
314 107.59451500302495497160
315 106.83005331106314975304
316 106.06645990799646593109
317 105.30373366940941030873
318 104.55548215179926338727
319 103.80807978979718255442
320 103.06152548471251173953
321 102.32940319141218355384
322 101.59811103851774428853
323 100.86764795286915052705
324 100.14479360597199526626
325 99.42953516548236318769
326 98.72185982109819826180
327 98.01498579378543312341
328 97.31567712920909494516
329 96.61715989993453410767
330 95.92619035383285735062
331 95.24275576990630207260
332 94.56009397760200485550
333 93.88494955837522786949
334 93.21730984646031679900
335 92.55042439754110379694
336 91.89102615678473544562
337 91.23237247703572950966
338 90.58118855926944453531
339 89.93073953996801275825
340 89.28774288924665028496
341 88.65218606240125949695
342 88.01734585109037525856
343 87.38992815906867601581
344 86.76321752794610260077
345 86.14391216379765766539
346 85.53199960892814260215
347 84.92077600971195744169
348 84.31024048185496912936
349 83.70707587571460749028
350 83.11126979869508481948
351 82.51613381675772019984
352 81.92833930299388438102
353 81.34120551318260830646
354 80.76139618199679491126
355 80.18889900253592561284
356 79.61038780181141237395
357 79.04583258736051321867
358 78.48191102563394836515
359 77.91862230587335167215
360 77.36260732591340830953
361 76.80721596835635704742
362 76.25908154479989467805
363 75.71819187611942473163
364 75.17790828049881041474
365 74.63822998378728408296
366 74.10577516398899666125
367 73.57391653560848694934
368 0
369 0
370 0
371 0
372 0
373 0
374 0
375 0
376 0
377 0
378 0
379 0
380 0
381 0
382 0
383 0
384 0
385 0
386 0
387 0
388 0
389 0
390 0
391 0
392 0
393 0
394 0
395 0
396 0
397 0
398 0
399 0
