0 0
1 0
2 0
3 0
4 0
5 0
6 0
7 0
8 0
9 0
10 0
11 0
12 0
13 0
14 0
15 0
16 0
17 0
18 0
19 0
20 0
21 0
22 0
23 0
24 0
25 0
26 0
27 0
28 0
29 0
30 0
31 0
32 0
33 0
34 735.47496669280672103461
35 730.18175302085846785697
36 724.92445427391960873813
37 719.70300565189010182842
38 714.51734247525662258276
39 709.37473176874066701938
40 704.26776826931351952545
41 699.19638767081348969161
42 694.16784352357842569188
43 689.16743167951346052554
44 684.20971906603353784649
45 679.28002020066817776474
46 674.39288383783426512906
47 669.54093787061017812225
48 664.71682867710371656681
49 659.93507781547107539135
50 655.18104631105288780461
51 650.46923763320565792549
52 645.78503134813776463598
53 641.13564557101829338981
54 636.52828027025314943883
55 631.94108457251742595917
56 627.39578415777320636094
57 622.87780477671945716892
58 618.40158683865316111645
59 613.95257451154581187924
60 609.53071932013324994224
61 605.14320382209078393707
62 600.78996614505269677261
63 596.47094453115319537028
64 592.17885995620028827539
65 587.91366442814138747464
66 583.68972676293813121187
67 579.48536055360092131846
68 575.32212966532632479421
69 571.17837491661642836179
70 567.06844300551486105892
71 562.99227303126436989578
72 558.94262280688863333711
73 554.91944509276900366593
74 550.92986518141991774635
75 546.96665462065919999999
76 543.03692995205137125151
77 539.12631281571049711727
78 535.24907898046969574273
79 531.39801824168237820472
80 527.58022967422835350630
81 523.78851217728394936396
82 520.01568252551974136989
83 516.27597241134212990163
84 512.56932226666191074764
85 508.88142563429583392445
86 505.21936878848417707934
87 501.59022038067238091946
88 497.97970076818074256954
89 494.40198901665224607975
90 490.84992473440487483009
91 487.31636525501749661998
92 483.81546343340021149911
93 480.34007236602936063956
94 476.88306282494662641339
95 473.45856152655754671746
96 470.05235996421772599914
97 466.67149679553839052370
98 463.31592693630075354325
99 459.98560538474951173171
100 456.68048722142409182697
101 453.40052760899028679345
102 450.13863295660474832101
103 446.90181613692941898355
104 443.69003254589648728521
105 440.50323766091486309909
106 437.34138704070370790941
107 434.19740922630250780015
108 431.07829570790117189172
109 427.97698384281257057253
110 424.90045658812959991718
111 421.84866988264445551880
112 418.81457428293824679002
113 415.80513998144381373669
114 412.82032314558081145999
115 409.85308749390910811638
116 406.91039048883973800839
117 403.98520459896586526402
118 401.08447881523334390996
119 398.20119433982322869632
120 395.34229170754227694168
121 392.50076083775563199565
122 389.68353382442053534585
123 386.88360928772388724735
124 384.10095695455914917423
125 381.34249628029785467127
126 378.60818430977748144207
127 375.88409586591303853543
128 373.18408747345191082408
129 370.50811638750058372693
130 367.84228315322160884185
131 365.20041894544471562049
132 362.58248122832571098010
133 359.97459619779366678545
134 357.39056974798298703640
135 354.82345233943428731763
136 352.27321439534339913616
137 349.74672515798391037972
138 347.23704795734347886378
139 344.74415338799696045039
140 342.26801209754611935407
141 339.80859478651256010786
142 337.36587220823090345179
143 334.94668868995480463406
144 332.54413318122929412668
145 330.15131146753502542846
146 327.78192898449303394808
147 325.42908743211744720942
148 323.09275788985173377587
149 320.77291148919276755213
150 318.46951941358596820325
151 316.18939297518164949243
152 313.91881914391265472808
153 311.66461350247838266386
154 309.42674744106997391419
155 307.20519240130638634233
156 304.99991987613095618549
157 302.81090140970819386107
158 300.63810859732081385678
159 298.48151308526699810934
160 296.34108657075789227818
161 294.21000218824657068087
162 292.10183308918188285151
163 290.00295801383620703715
164 287.92014746437217664484
165 285.85337337980576548963
166 283.80260774947389826013
167 281.76782261293352620393
168 279.74899005986093109358
169 277.73931651616800756982
170 275.74554807660156952430
171 273.76765696944030232395
172 271.80561547269970332478
173 269.85264656065945022714
174 267.91548012554369760405
175 265.99408858288186892880
176 264.08844439756104346134
177 262.19178703149354754836
178 260.31083023233409964189
179 258.44554660140493846261
180 256.58918792390656615750
181 254.74845587417927363483
182 252.92332318919101414276
183 251.10705394358386278412
184 249.30633777073657737202
185 247.52114754247861231897
186 245.74475958917169121759
187 243.98385153547131775978
188 242.23170785990208669314
189 240.49499819551982966484
190 238.77369563356244460563
191 237.06109685236397372474
192 235.35718708377071491226
193 233.67528845508484140976
194 231.99536892315296566076
195 230.33074667765414972734
196 228.68139506386882320458
197 227.04063504889473491811
198 225.41510048501056807788
199 223.79812040609463223082
200 222.19632075084582600000
201 220.60303860524668351768
202 219.01825951320498126868
203 217.44859756407277211125
204 215.88740188919069589524
205 214.34127869948621750349
206 212.80358514188683966384
207 211.28091956289274411770
208 209.76664711046670950612
209 208.26075353773286445933
210 206.76982541540130356686
211 205.28723986046728940117
212 203.81298271174739848462
213 202.35362879551532666390
214 200.90256716530087077810
215 199.46636483864520459326
216 198.03841881229380423014
217 196.61871507021977389000
218 195.20723962102774122582
219 193.81054389573378248903
220 192.42204072391092411732
221 191.04171619827085584606
222 189.66955643594666024820
223 188.31209733662139421524
224 186.96276750558793604238
225 185.62155314340883473206
226 184.29497853994214052793
227 182.97648409756618449383
228 181.66605609975634853663
229 180.36368085404219927848
230 179.06934469196023106216
231 177.78955261506578338935
232 176.51124983722802694763
233 175.24745618732098124203
234 173.99163945672118456287
235 172.74378610662008142607
236 171.51038193534194960355
237 170.27841096839735253589
238 169.06085451546950291689
239 167.85119982916527024248
240 166.64943349902272727272
241 165.45554213804149297533
242 164.26951238263677583443
243 163.09133089259351872933
244 161.92745291063837526256
245 160.76492419505154805780
246 159.61666477261408463771
247 158.46973576350459993239
248 157.33704193891727460530
249 156.21210920278060728440
250 155.08847875004530660777
251 153.97903251905240929701
252 152.87730793877390998958
253 151.78329191028794350165
254 150.69697135752870996256
255 149.61833322724184840926
256 148.54736448893990866890
257 147.48405213485792128721
258 146.42838317990906526034
259 145.38034466164043332880
260 144.33992364018889459281
261 143.30710719823705420886
262 142.27548228432134225649
263 141.25784010768768248500
264 140.24776389010990358738
265 139.24524080401900074587
266 138.25025804417294578523
267 137.25642147927163378891
268 136.27648479699113390633
269 135.30405015544952893349
270 134.33273473515624193599
271 133.36890342858499834270
272 132.41890617648455843981
273 131.47000133796498238627
274 130.52854263631299645999
275 129.59451745544348874050
276 128.66791320118335581896
277 127.74871730122895547416
278 126.83057694430859608819
279 125.92616383886114959030
280 125.02278866535737228393
281 124.12677918955898275440
282 123.23812293810603674304
283 122.35680745926996383094
284 121.48282032291163955865
285 120.61614912043954917521
286 119.75047083708902250195
287 118.89209111397055513983
288 118.04099759718127900435
289 117.19717795421462306565
290 116.36061987391890428726
291 115.53131106645600891439
292 114.70295072429501613770
293 113.88182247941628865954
294 113.06791409603912518561
295 112.26121335954700656945
296 111.45543419892353901267
297 110.65684563397907595793
298 109.86543550375319973958
299 109.08119166830151964558
300 108.29784274135991328117
301 107.52789880406755385581
302 106.75883288291290206843
303 105.99064383628031568259
304 105.23581994040497381615
305 104.48185611360825795488
306 103.73498868602312145417
307 102.99520566541585308290
308 102.25626488070650595258
309 101.52439181897411223158
310 100.79957454045751385310
311 100.08180112597439551149
312 99.36484393536189077940
313 98.65491404527399950087
314 97.94579105723271651577
315 97.24988378770281078527
316 96.55476694176184436798
317 95.86043949582822525528
318 95.17928872527044834231
319 94.49891096082511480253
320 93.81930520232855055827
321 93.15283724003586345616
322 92.48712497387453655033
323 91.82216742692200663674
324 91.16413629193328838254
325 90.51301988732706819567
326 89.86880655158724997558
327 89.22532267342660027204
328 88.58872572103380608367
329 87.95284923061531441410
330 87.32384357184652822872
331 86.70169716450712811579
332 86.08025424736666927715
333 85.46565456989069856360
334 84.85788660213797015430
335 84.25080525754420824461
336 83.65053969279107642616
337 83.05095191925113453246
338 82.45816404388803072668
339 81.86604516370079409834
340 81.28071034807116463614
341 80.70214817726304904938
342 80.12423835825380696762
343 79.55308543129799673404
344 78.98257615833410765365
345 78.41880807223974089263
346 77.86176983248502889037
347 77.30535876509562614896
348 76.74957406507800314815
349 76.20049928664268049067
350 75.65812314852129942079
351 75.11635701354834730604
352 74.58127398791194045774
353 74.04679243466659468003
354 73.51897850657032591866
355 72.99782100036517328824
356 72.47118879063925044632
357 71.95726104001623431332
358 71.44391011821519622372
359 70.93113528718392667835
360 70.42498191077512965444
361 69.91939623235326590325
362 69.42041670984295418877
363 68.92803225630362925731
364 68.43619952517584517673
365 67.94491781173214132912
366 67.46021179743472715466
367 66.97604851006009458461
368 0
369 0
370 0
371 0
372 0
373 0
374 0
375 0
376 0
377 0
378 0
379 0
380 0
381 0
382 0
383 0
384 0
385 0
386 0
387 0
388 0
389 0
390 0
391 0
392 0
393 0
394 0
395 0
396 0
397 0
398 0
399 0
